http://www.dc.state.fl.us/inmatephotos/M/M53800.jpg
http://www.dc.state.fl.us/inmatephotos/M/M59219.jpg
http://www.dc.state.fl.us/inmatephotos/B/B01696.jpg
http://www.dc.state.fl.us/inmatephotos/6/648921.jpg
http://www.dc.state.fl.us/inmatephotos/M/M25171.jpg
http://www.dc.state.fl.us/inmatephotos/4/421761.jpg
http://www.dc.state.fl.us/inmatephotos/1/163273.jpg
http://www.dc.state.fl.us/inmatephotos/4/446566.jpg
http://www.dc.state.fl.us/inmatephotos/M/M20448.jpg
http://www.dc.state.fl.us/inmatephotos/M/M79172.jpg
http://www.dc.state.fl.us/inmatephotos/1/189908.jpg
http://www.dc.state.fl.us/inmatephotos/B/B10596.jpg
http://www.dc.state.fl.us/inmatephotos/4/434465.jpg
http://www.dc.state.fl.us/inmatephotos/1/190928.jpg
http://www.dc.state.fl.us/inmatephotos/4/424484.jpg
http://www.dc.state.fl.us/inmatephotos/8/853972.jpg
http://www.dc.state.fl.us/inmatephotos/4/454900.jpg
http://www.dc.state.fl.us/inmatephotos/L/L32487.jpg
http://www.dc.state.fl.us/inmatephotos/1/197246.jpg
http://www.dc.state.fl.us/inmatephotos/M/M10633.jpg
http://www.dc.state.fl.us/inmatephotos/M/M52280.jpg
http://www.dc.state.fl.us/inmatephotos/1/199684.jpg
http://www.dc.state.fl.us/inmatephotos/1/199644.jpg
http://www.dc.state.fl.us/inmatephotos/3/388658.jpg
http://www.dc.state.fl.us/inmatephotos/D/D33565.jpg
http://www.dc.state.fl.us/inmatephotos/8/853736.jpg
http://www.dc.state.fl.us/inmatephotos/M/M15107.jpg
http://www.dc.state.fl.us/inmatephotos/B/B07338.jpg
http://www.dc.state.fl.us/inmatephotos/M/M72607.jpg
http://www.dc.state.fl.us/inmatephotos/M/M52971.jpg
http://www.dc.state.fl.us/inmatephotos/B/B11462.jpg
http://www.dc.state.fl.us/inmatephotos/1/136352.jpg
http://www.dc.state.fl.us/inmatephotos/1/161006.jpg
http://www.dc.state.fl.us/inmatephotos/5/553395.jpg
http://www.dc.state.fl.us/inmatephotos/4/457776.jpg
http://www.dc.state.fl.us/inmatephotos/J/J03648.jpg
http://www.dc.state.fl.us/inmatephotos/4/442159.jpg
http://www.dc.state.fl.us/inmatephotos/1/193124.jpg
http://www.dc.state.fl.us/inmatephotos/1/199679.jpg
http://www.dc.state.fl.us/inmatephotos/1/191274.jpg
http://www.dc.state.fl.us/inmatephotos/M/M37592.jpg
http://www.dc.state.fl.us/inmatephotos/B/B11232.jpg
http://www.dc.state.fl.us/inmatephotos/1/104159.jpg
http://www.dc.state.fl.us/inmatephotos/6/668730.jpg
http://www.dc.state.fl.us/inmatephotos/M/M28809.jpg
http://www.dc.state.fl.us/inmatephotos/M/M66910.jpg
http://www.dc.state.fl.us/inmatephotos/B/B15114.jpg
http://www.dc.state.fl.us/inmatephotos/M/M18751.jpg
http://www.dc.state.fl.us/inmatephotos/1/198815.jpg
http://www.dc.state.fl.us/inmatephotos/B/B02049.jpg
