http://www.dc.state.fl.us/inmatephotos/M/M05312.jpg
http://www.dc.state.fl.us/inmatephotos/M/M17233.jpg
http://www.dc.state.fl.us/inmatephotos/B/B00872.jpg
http://www.dc.state.fl.us/inmatephotos/B/B02312.jpg
http://www.dc.state.fl.us/inmatephotos/4/423861.jpg
http://www.dc.state.fl.us/inmatephotos/M/M20355.jpg
http://www.dc.state.fl.us/inmatephotos/4/441766.jpg
http://www.dc.state.fl.us/inmatephotos/1/197404.jpg
http://www.dc.state.fl.us/inmatephotos/0/067596.jpg
http://www.dc.state.fl.us/inmatephotos/M/M33489.jpg
http://www.dc.state.fl.us/inmatephotos/M/M17313.jpg
http://www.dc.state.fl.us/inmatephotos/M/M31683.jpg
http://www.dc.state.fl.us/inmatephotos/M/M08135.jpg
http://www.dc.state.fl.us/inmatephotos/1/183296.jpg
http://www.dc.state.fl.us/inmatephotos/4/417563.jpg
http://www.dc.state.fl.us/inmatephotos/B/B05985.jpg
http://www.dc.state.fl.us/inmatephotos/4/407619.jpg
http://www.dc.state.fl.us/inmatephotos/M/M87150.jpg
http://www.dc.state.fl.us/inmatephotos/3/386149.jpg
http://www.dc.state.fl.us/inmatephotos/1/190860.jpg
http://www.dc.state.fl.us/inmatephotos/B/B06475.jpg
http://www.dc.state.fl.us/inmatephotos/4/444726.jpg
http://www.dc.state.fl.us/inmatephotos/M/M20834.jpg
http://www.dc.state.fl.us/inmatephotos/B/B11717.jpg
http://www.dc.state.fl.us/inmatephotos/4/423199.jpg
http://www.dc.state.fl.us/inmatephotos/M/M84526.jpg
http://www.dc.state.fl.us/inmatephotos/4/422250.jpg
http://www.dc.state.fl.us/inmatephotos/6/666546.jpg
http://www.dc.state.fl.us/inmatephotos/M/M86773.jpg
http://www.dc.state.fl.us/inmatephotos/M/M67549.jpg
http://www.dc.state.fl.us/inmatephotos/B/B15633.jpg
http://www.dc.state.fl.us/inmatephotos/4/433946.jpg
http://www.dc.state.fl.us/inmatephotos/1/103875.jpg
http://www.dc.state.fl.us/inmatephotos/4/448308.jpg
http://www.dc.state.fl.us/inmatephotos/0/032898.jpg
http://www.dc.state.fl.us/inmatephotos/B/B03468.jpg
http://www.dc.state.fl.us/inmatephotos/1/199309.jpg
http://www.dc.state.fl.us/inmatephotos/1/191542.jpg
http://www.dc.state.fl.us/inmatephotos/4/423341.jpg
http://www.dc.state.fl.us/inmatephotos/6/647125.jpg
http://www.dc.state.fl.us/inmatephotos/4/424441.jpg
http://www.dc.state.fl.us/inmatephotos/1/196064.jpg
http://www.dc.state.fl.us/inmatephotos/1/145645.jpg
http://www.dc.state.fl.us/inmatephotos/4/416364.jpg
http://www.dc.state.fl.us/inmatephotos/M/M07652.jpg
http://www.dc.state.fl.us/inmatephotos/M/M54322.jpg
http://www.dc.state.fl.us/inmatephotos/M/M24932.jpg
http://www.dc.state.fl.us/inmatephotos/B/B06636.jpg
http://www.dc.state.fl.us/inmatephotos/4/404705.jpg
http://www.dc.state.fl.us/inmatephotos/0/043280.jpg
